0.1
0.15000000000000002
0.2
0.25
0.30000000000000004
0.35
0.4
0.45000000000000007
0.5
0.55
0.6
0.65
0.7000000000000001
0.75
0.8
0.85
0.9
0.9500000000000001
1.
1.05
1.1
1.1500000000000001
1.2000000000000002
1.2500000000000002
1.3000000000000003
1.35
1.4000000000000001
1.4500000000000002
1.5000000000000002
1.5500000000000003
1.6
1.6500000000000001
1.7000000000000002
1.7500000000000002
1.8000000000000003
1.85
1.9000000000000001
1.9500000000000002
2.
2.0500000000000003
2.1
2.1500000000000004
2.2
2.25
2.3000000000000003
2.35
2.4000000000000004
2.45
2.5000000000000004
2.5500000000000003
2.6
2.6500000000000004
2.7
2.7500000000000004
2.8000000000000003
2.85
2.9000000000000004
2.95
3.0000000000000004
3.0500000000000003
3.1
3.1500000000000004
3.2
3.2500000000000004
3.3000000000000003
3.35
3.4000000000000004
3.45
3.5000000000000004
3.5500000000000003
3.6
3.6500000000000004
3.7
3.7500000000000004
3.8000000000000003
3.85
3.9000000000000004
3.95
4.
4.05
4.1
4.1499999999999995
4.2
4.25
4.3
4.35
4.3999999999999995
4.45
4.5
4.55
4.6
4.6499999999999995
4.7
4.75
4.8
4.85
4.9
4.95
5.
5.05
5.1
5.15
5.2
5.25
5.3
5.35
5.4
5.45
5.5
5.55
5.6
5.65
5.7
5.75
5.8
5.85
5.9
5.95
6.
6.05
6.1
6.15
6.2
6.25
6.3
6.35
6.4
6.45
6.5
6.55
6.6
6.65
6.7
6.75
6.8
6.85
6.9
6.95
7.
7.05
7.1
7.15
7.2
7.25
7.3
7.35
7.4
7.45
7.5
7.55
7.6
7.65
7.7
7.75
7.8
7.85
7.9
7.95
8.
8.05
8.1
8.15
8.2
8.25
8.3
8.35
8.4
8.45
8.5
8.55
8.6
8.65
8.7
8.75
8.8
8.85
8.9
8.95
9.
9.05
9.1
9.15
9.2
9.25
9.3
9.35
9.4
9.45
9.5
9.55
9.6
9.65
9.700000000000001
9.75
9.8
9.85
9.9
9.950000000000001
10.